  0       0.0000       0.0000       0.0000       0.0000
  1       0.9658       0.9871       0.9386       1.0000
  2       0.9630       0.9860       0.9360       1.0000
  3       0.9601       0.9849       0.9334       1.0000
  4       0.9573       0.9838       0.9308       1.0000
  5       0.9545       0.9827       0.9283       1.0000
  6       0.9516       0.9816       0.9257       1.0000
  7       0.9488       0.9805       0.9231       1.0000
  8       0.9460       0.9794       0.9205       1.0000
  9       0.9432       0.9783       0.9179       1.0000
 10       0.9403       0.9772       0.9153       1.0000
 11       0.9375       0.9761       0.9128       1.0000
 12       0.9347       0.9749       0.9102       1.0000
 13       0.9318       0.9738       0.9076       1.0000
 14       0.9290       0.9727       0.9050       1.0000
 15       0.9262       0.9716       0.9024       1.0000
 16       0.9234       0.9705       0.8998       1.0000
 17       0.9205       0.9694       0.8973       1.0000
 18       0.9177       0.9683       0.8947       1.0000
 19       0.9149       0.9672       0.8921       1.0000
 20       0.9120       0.9661       0.8895       1.0000
 21       0.9092       0.9650       0.8869       1.0000
 22       0.9064       0.9639       0.8843       1.0000
 23       0.9035       0.9628       0.8818       1.0000
 24       0.9007       0.9617       0.8792       1.0000
 25       0.8979       0.9606       0.8766       1.0000
 26       0.8951       0.9594       0.8740       1.0000
 27       0.8922       0.9583       0.8714       1.0000
 28       0.8894       0.9572       0.8688       1.0000
 29       0.8866       0.9561       0.8663       1.0000
 30       0.8837       0.9550       0.8637       1.0000
 31       0.8809       0.9539       0.8611       1.0000
 32       0.8781       0.9528       0.8585       1.0000
 33       0.8757       0.9518       0.8558       1.0000
 34       0.8732       0.9508       0.8531       1.0000
 35       0.8707       0.9499       0.8504       1.0000
 36       0.8683       0.9489       0.8477       1.0000
 37       0.8658       0.9479       0.8450       1.0000
 38       0.8634       0.9469       0.8422       1.0000
 39       0.8609       0.9459       0.8395       1.0000
 40       0.8584       0.9449       0.8368       1.0000
 41       0.8560       0.9440       0.8341       1.0000
 42       0.8535       0.9430       0.8314       1.0000
 43       0.8511       0.9420       0.8287       1.0000
 44       0.8486       0.9410       0.8260       1.0000
 45       0.8461       0.9400       0.8233       1.0000
 46       0.8437       0.9390       0.8206       1.0000
 47       0.8412       0.9381       0.8179       1.0000
 48       0.8388       0.9371       0.8152       1.0000
 49       0.8363       0.9361       0.8125       1.0000
 50       0.8338       0.9351       0.8098       1.0000
 51       0.8314       0.9341       0.8071       1.0000
 52       0.8289       0.9331       0.8044       1.0000
 53       0.8265       0.9321       0.8016       1.0000
 54       0.8240       0.9312       0.7989       1.0000
 55       0.8215       0.9302       0.7962       1.0000
 56       0.8191       0.9292       0.7935       1.0000
 57       0.8166       0.9282       0.7908       1.0000
 58       0.8141       0.9272       0.7881       1.0000
 59       0.8117       0.9262       0.7854       1.0000
 60       0.8092       0.9253       0.7827       1.0000
 61       0.8068       0.9243       0.7800       1.0000
 62       0.8043       0.9233       0.7773       1.0000
 63       0.8018       0.9223       0.7746       1.0000
 64       0.7989       0.9211       0.7721       1.0000
 65       0.7945       0.9194       0.7701       1.0000
 66       0.7900       0.9177       0.7681       1.0000
 67       0.7856       0.9160       0.7662       1.0000
 68       0.7812       0.9142       0.7642       1.0000
 69       0.7767       0.9125       0.7622       1.0000
 70       0.7723       0.9108       0.7602       1.0000
 71       0.7679       0.9091       0.7583       1.0000
 72       0.7635       0.9074       0.7563       1.0000
 73       0.7590       0.9056       0.7543       1.0000
 74       0.7546       0.9039       0.7524       1.0000
 75       0.7502       0.9022       0.7504       1.0000
 76       0.7457       0.9005       0.7484       1.0000
 77       0.7413       0.8987       0.7465       1.0000
 78       0.7369       0.8970       0.7445       1.0000
 79       0.7325       0.8953       0.7425       1.0000
 80       0.7280       0.8936       0.7406       1.0000
 81       0.7236       0.8919       0.7386       1.0000
 82       0.7192       0.8901       0.7366       1.0000
 83       0.7147       0.8884       0.7347       1.0000
 84       0.7103       0.8867       0.7327       1.0000
 85       0.7059       0.8850       0.7307       1.0000
 86       0.7015       0.8832       0.7288       1.0000
 87       0.6970       0.8815       0.7268       1.0000
 88       0.6926       0.8798       0.7248       1.0000
 89       0.6882       0.8781       0.7228       1.0000
 90       0.6837       0.8764       0.7209       1.0000
 91       0.6793       0.8746       0.7189       1.0000
 92       0.6749       0.8729       0.7169       1.0000
 93       0.6704       0.8712       0.7150       1.0000
 94       0.6660       0.8695       0.7130       1.0000
 95       0.6616       0.8677       0.7110       1.0000
 96       0.6567       0.8659       0.7105       1.0000
 97       0.6512       0.8638       0.7123       1.0000
 98       0.6457       0.8617       0.7142       1.0000
 99       0.6401       0.8596       0.7160       1.0000
100       0.6346       0.8575       0.7179       1.0000
101       0.6291       0.8554       0.7197       1.0000
102       0.6235       0.8533       0.7216       1.0000
103       0.6180       0.8512       0.7234       1.0000
104       0.6125       0.8492       0.7253       1.0000
105       0.6069       0.8471       0.7271       1.0000
106       0.6014       0.8450       0.7290       1.0000
107       0.5958       0.8429       0.7308       1.0000
108       0.5903       0.8408       0.7326       1.0000
109       0.5848       0.8387       0.7345       1.0000
110       0.5792       0.8366       0.7363       1.0000
111       0.5737       0.8345       0.7382       1.0000
112       0.5682       0.8324       0.7400       1.0000
113       0.5626       0.8303       0.7419       1.0000
114       0.5571       0.8282       0.7437       1.0000
115       0.5516       0.8261       0.7456       1.0000
116       0.5460       0.8241       0.7474       1.0000
117       0.5405       0.8220       0.7493       1.0000
118       0.5349       0.8199       0.7511       1.0000
119       0.5294       0.8178       0.7529       1.0000
120       0.5239       0.8157       0.7548       1.0000
121       0.5183       0.8136       0.7566       1.0000
122       0.5128       0.8115       0.7585       1.0000
123       0.5073       0.8094       0.7603       1.0000
124       0.5017       0.8073       0.7622       1.0000
125       0.4962       0.8052       0.7640       1.0000
126       0.4907       0.8031       0.7659       1.0000
127       0.4851       0.8010       0.7677       1.0000
128       0.4796       0.7985       0.7696       1.0000
129       0.4740       0.7954       0.7714       1.0000
130       0.4685       0.7923       0.7732       1.0000
131       0.4630       0.7892       0.7751       1.0000
132       0.4574       0.7862       0.7769       1.0000
133       0.4519       0.7831       0.7788       1.0000
134       0.4464       0.7800       0.7806       1.0000
135       0.4408       0.7769       0.7825       1.0000
136       0.4353       0.7739       0.7843       1.0000
137       0.4298       0.7708       0.7862       1.0000
138       0.4242       0.7677       0.7880       1.0000
139       0.4187       0.7646       0.7899       1.0000
140       0.4131       0.7616       0.7917       1.0000
141       0.4076       0.7585       0.7935       1.0000
142       0.4021       0.7554       0.7954       1.0000
143       0.3965       0.7523       0.7972       1.0000
144       0.3910       0.7493       0.7991       1.0000
145       0.3855       0.7462       0.8009       1.0000
146       0.3799       0.7431       0.8028       1.0000
147       0.3744       0.7400       0.8046       1.0000
148       0.3689       0.7369       0.8065       1.0000
149       0.3633       0.7339       0.8083       1.0000
150       0.3578       0.7308       0.8101       1.0000
151       0.3522       0.7277       0.8120       1.0000
152       0.3467       0.7246       0.8138       1.0000
153       0.3412       0.7216       0.8157       1.0000
154       0.3356       0.7185       0.8175       1.0000
155       0.3301       0.7154       0.8194       1.0000
156       0.3246       0.7123       0.8212       1.0000
157       0.3190       0.7093       0.8231       1.0000
158       0.3135       0.7062       0.8249       1.0000
159       0.3080       0.7031       0.8268       1.0000
160       0.3032       0.6990       0.8258       1.0000
161       0.2989       0.6942       0.8233       1.0000
162       0.2946       0.6894       0.8207       1.0000
163       0.2903       0.6846       0.8181       1.0000
164       0.2860       0.6798       0.8155       1.0000
165       0.2817       0.6750       0.8129       1.0000
166       0.2774       0.6702       0.8103       1.0000
167       0.2730       0.6654       0.8078       1.0000
168       0.2687       0.6606       0.8052       1.0000
169       0.2644       0.6558       0.8026       1.0000
170       0.2601       0.6510       0.8000       1.0000
171       0.2558       0.6462       0.7974       1.0000
172       0.2515       0.6414       0.7948       1.0000
173       0.2472       0.6366       0.7922       1.0000
174       0.2429       0.6318       0.7897       1.0000
175       0.2386       0.6270       0.7871       1.0000
176       0.2343       0.6222       0.7845       1.0000
177       0.2300       0.6174       0.7819       1.0000
178       0.2257       0.6126       0.7793       1.0000
179       0.2214       0.6078       0.7767       1.0000
180       0.2171       0.6030       0.7742       1.0000
181       0.2128       0.5982       0.7716       1.0000
182       0.2085       0.5934       0.7690       1.0000
183       0.2042       0.5886       0.7664       1.0000
184       0.1998       0.5838       0.7638       1.0000
185       0.1955       0.5790       0.7612       1.0000
186       0.1912       0.5742       0.7587       1.0000
187       0.1869       0.5694       0.7561       1.0000
188       0.1826       0.5646       0.7535       1.0000
189       0.1783       0.5598       0.7509       1.0000
190       0.1740       0.5550       0.7483       1.0000
191       0.1697       0.5502       0.7457       1.0000
192       0.1654       0.5457       0.7434       1.0000
193       0.1611       0.5413       0.7412       1.0000
194       0.1568       0.5368       0.7390       1.0000
195       0.1525       0.5324       0.7368       1.0000
196       0.1482       0.5280       0.7346       1.0000
197       0.1439       0.5236       0.7324       1.0000
198       0.1396       0.5191       0.7301       1.0000
199       0.1353       0.5147       0.7279       1.0000
200       0.1309       0.5103       0.7257       1.0000
201       0.1266       0.5058       0.7235       1.0000
202       0.1223       0.5014       0.7213       1.0000
203       0.1180       0.4970       0.7191       1.0000
204       0.1137       0.4925       0.7169       1.0000
205       0.1094       0.4881       0.7146       1.0000
206       0.1051       0.4837       0.7124       1.0000
207       0.1008       0.4793       0.7102       1.0000
208       0.0965       0.4748       0.7080       1.0000
209       0.0922       0.4704       0.7058       1.0000
210       0.0879       0.4660       0.7036       1.0000
211       0.0836       0.4615       0.7014       1.0000
212       0.0793       0.4571       0.6991       1.0000
213       0.0750       0.4527       0.6969       1.0000
214       0.0707       0.4483       0.6947       1.0000
215       0.0664       0.4438       0.6925       1.0000
216       0.0621       0.4394       0.6903       1.0000
217       0.0577       0.4350       0.6881       1.0000
218       0.0534       0.4305       0.6859       1.0000
219       0.0491       0.4261       0.6836       1.0000
220       0.0448       0.4217       0.6814       1.0000
221       0.0405       0.4173       0.6792       1.0000
222       0.0362       0.4128       0.6770       1.0000
223       0.0319       0.4084       0.6748       1.0000
224       0.0314       0.4035       0.6699       1.0000
225       0.0314       0.3986       0.6646       1.0000
226       0.0314       0.3937       0.6593       1.0000
227       0.0314       0.3888       0.6540       1.0000
228       0.0314       0.3839       0.6487       1.0000
229       0.0314       0.3789       0.6434       1.0000
230       0.0314       0.3740       0.6381       1.0000
231       0.0314       0.3691       0.6328       1.0000
232       0.0314       0.3642       0.6276       1.0000
233       0.0314       0.3592       0.6223       1.0000
234       0.0314       0.3543       0.6170       1.0000
235       0.0314       0.3494       0.6117       1.0000
236       0.0314       0.3445       0.6064       1.0000
237       0.0314       0.3396       0.6011       1.0000
238       0.0314       0.3346       0.5958       1.0000
239       0.0314       0.3297       0.5905       1.0000
240       0.0314       0.3248       0.5852       1.0000
241       0.0314       0.3199       0.5799       1.0000
242       0.0314       0.3150       0.5747       1.0000
243       0.0314       0.3100       0.5694       1.0000
244       0.0314       0.3051       0.5641       1.0000
245       0.0314       0.3002       0.5588       1.0000
246       0.0314       0.2953       0.5535       1.0000
247       0.0314       0.2903       0.5482       1.0000
248       0.0314       0.2854       0.5429       1.0000
249       0.0314       0.2805       0.5376       1.0000
250       0.0314       0.2756       0.5323       1.0000
251       0.0314       0.2707       0.5270       1.0000
252       0.0314       0.2657       0.5218       1.0000
253       0.0314       0.2608       0.5165       1.0000
254       0.0314       0.2559       0.5112       1.0000
255       0.0314       0.2510       0.5059       1.0000
